itr 	 pos_up 	 pos_down 	         mom_up 	 mom_down 	 ke_up 	 ke_down 	         e_up 	 e_down 	 mass_up 	 mass_down 
0 	 -9.9907346428233694 	 -nan 	  4.0007825161184787                             	 -nan 	 8.0280234073625252 	 -nan                             	 8.7351301869080675 	 -nan 	 1                             	 0 
50 	 -9.4906368282715885 	 -nan 	  4.0007825168240556                             	 -nan 	 8.0280234101910022 	 -nan                             	 8.7351301869083979 	 -nan 	 1                             	 0 
100 	 -8.9905390135680712 	 -nan 	  4.0007825187489789                             	 -nan 	 8.0280234179314149 	 -nan                             	 8.7351301869086395 	 -nan 	 1                             	 0 
150 	 -8.4904411984496502 	 -nan 	  4.0007825240174757                             	 -nan 	 8.0280234391818546 	 -nan                             	 8.7351301869093128 	 -nan 	 1                             	 0 
200 	 -7.9903433821935206 	 -nan 	  4.0007825384817242                             	 -nan 	 8.0280234977046678 	 -nan                             	 8.735130186911352 	 -nan 	 1                             	 0 
250 	 -7.4902455628077034 	 -nan 	  4.0007825783169411                             	 -nan 	 8.0280236593766841 	 -nan                             	 8.7351301869168587 	 -nan 	 1                             	 0 
300 	 -6.9901477347879126 	 -nan 	  4.0007826883679591                             	 -nan 	 8.0280241073993626 	 -nan                             	 8.7351301869325901 	 -nan 	 1                             	 0 
350 	 -6.4900498828706503 	 -nan 	  4.0007829933538988                             	 -nan 	 8.0280253528300758 	 -nan                             	 8.7351301869761091 	 -nan 	 1                             	 0 
400 	 -5.9899519646060284 	 -nan 	  4.0007838412087979                             	 -nan 	 8.0280288257325569 	 -nan                             	 8.7351301870986777 	 -nan 	 1                             	 0 
450 	 -5.4898538615616497 	 -nan 	  4.0007862055625258                             	 -nan 	 8.0280385400290655 	 -nan                             	 8.7351301874431986 	 -nan 	 1                             	 0 
500 	 -4.9897552423117064 	 -nan 	  4.0007928190136139                             	 -nan 	 8.0280657953504289 	 -nan                             	 8.7351301884154591 	 -nan 	 1                             	 0 
550 	 -4.4896551766952308 	 -nan 	  4.0008113711124871                             	 -nan 	 8.0281424846676774 	 -nan                             	 8.7351301911642256 	 -nan 	 1                             	 0 
600 	 -3.989551047876621 	 -nan 	  4.000863535352976                             	 -nan 	 8.0283587671141028 	 -nan                             	 8.7351301989312233 	 -nan 	 1                             	 0 
650 	 -3.4894354871939779 	 -nan 	  4.0010103074496977                             	 -nan 	 8.0289690961953841 	 -nan                             	 8.7351302207036845 	 -nan 	 1                             	 0 
700 	 -2.9892878224465864 	 -nan 	  4.0014214404945543                             	 -nan 	 8.0306833143632801 	 -nan                             	 8.735130279862112 	 -nan 	 1                             	 0 
750 	 -2.4890510726613146 	 -nan 	  4.0025507589408358                             	 -nan 	 8.0354009042579211 	 -nan                             	 8.7351304252826214 	 -nan 	 1                             	 0 
800 	 -1.9885767824543548 	 -nan 	  4.0054729117605516                             	 -nan 	 8.0476038350129375 	 -nan                             	 8.735130690903965 	 -nan 	 1                             	 0 
850 	 -1.4875940357107671 	 0.075534380639383739 	  4.0119832109127076                             	 4.8847642912037994 	 8.0746418917730374 	 11.935644186310146                             	 8.735022922337766 	 11.433186370160094 	 0.99995999999999996                             	 4.0000000000000003e-05 
900 	 -0.9863800474514427 	 0.24473190940354181 	  4.0226631513368707                             	 4.7231158226100547 	 8.1183438244428725 	 11.159558480942611                             	 8.733566758794149 	 10.640273916736412 	 0.99917999999999996                             	 0.00081999999999999998 
950 	 -0.4850455073225779 	 0.35866905243178387 	  4.0336150026558109                             	 4.5664192827756702 	 8.1618172944758669 	 10.435056209128689                             	 8.7304380603384377 	 9.9002386636244974 	 0.99599000000000004                             	 0.0040099999999999997 
1000 	 0.018099818793800154 	 0.55028158263126203 	  4.0378639835520262                             	 4.4676552485942027 	 8.1767081777154527 	 9.9903777995807541                             	 8.7282599575134991 	 9.430548928515547 	 0.99021999999999999                             	 0.0097800000000000005 
1050 	 0.52295856297214727 	 0.9858874574618437 	  4.0326864717803597                             	 4.454051969947316 	 8.1536397302372947 	 9.9300475176159733                             	 8.7282475779090323 	 9.3154007296684753 	 0.98828000000000005                             	 0.01172 
1100 	 1.0264795676629903 	 1.5325563617340294 	  4.0221344618578598                             	 4.4626709580252424 	 8.1105279330390729 	 9.9683382041312285                             	 8.7283325866665606 	 9.3029117291785219 	 0.98816999999999999                             	 0.01183 
1150 	 1.5285984667172847 	 2.0908116287595973 	  4.0122216516498765                             	 4.4685824899392799 	 8.071362085251863 	 9.9942659257807378                             	 8.7283328929690303 	 9.3029121471684793 	 0.98816999999999999                             	 0.01183 
1200 	 2.0296775121216037 	 2.649554362912915 	  4.0056279771615113                             	 4.470917830544046 	 8.0458951375727068 	 10.004489836025398                             	 8.7283328079346063 	 9.3029124533785126 	 0.98816999999999999                             	 0.01183 
1250 	 2.5301543370802948 	 3.2061099326813598 	  4.0020666067529937                             	 4.4711670771311285 	 8.0323725241249981 	 10.005715338026263                             	 8.7283540780378353 	 9.3006380547035992 	 0.98816000000000004                             	 0.01184 
1300 	 3.0303195871000139 	 3.7621907926382754 	  4.0003755391754963                             	 4.4707231416592119 	 8.0260340216159616 	 10.004011084508251                             	 8.7283826141444223 	 9.2977655738967115 	 0.98814999999999997                             	 0.011849999999999999 
1350 	 3.5303131424063068 	 4.3210401796404678 	  3.9996257985237924                             	 4.4708485278177088 	 8.0232519271332734 	 10.004538689697334                             	 8.7283825505409069 	 9.2977655887602033 	 0.98814999999999997                             	 0.011849999999999999 
1400 	 4.0302436824927055 	 4.8798998762969878 	  3.9993085721275157                             	 4.4708988934700837 	 8.0220838668751462 	 10.004746162376017                             	 8.7283825211587178 	 9.2977655947539208 	 0.98814999999999997                             	 0.011849999999999999 
1450 	 4.5301478538367812 	 5.438763650077882 	  3.9991774113715577                             	 4.4709183937337214 	 8.0216038571941759 	 10.00482533658275                             	 8.7283825084827136 	 9.2977655972155162 	 0.98814999999999997                             	 0.011849999999999999 
1500 	 5.030041184780468 	 5.9976289837307029 	  3.9991238096204933                             	 4.4709257582756106 	 8.0214086599853811 	 10.004854921084622                             	 8.728382503207806 	 9.2977655981752818 	 0.98814999999999997                             	 0.011849999999999999 
1550 	 5.5299300963996849 	 6.556494903503725 	  3.9991020077642063                             	 4.4709285127227334 	 8.0213296027392094 	 10.004865888234125                             	 8.7283825010531348 	 9.2977655985361238 	 0.98814999999999997                             	 0.011849999999999999 
1600 	 6.0298172115862645 	 7.1153610423169011 	  3.999093147766497                             	 4.4709295422002713 	 8.0212975989012971 	 10.004869954421888                             	 8.7283825001800821 	 9.2977655986696792 	 0.98814999999999997                             	 0.011849999999999999 
1650 	 6.529703596447705 	 7.6742272631015815 	  3.9990895429753746                             	 4.4709299283544759 	 8.0212846255336583 	 10.004871468219656                             	 8.7283824998275819 	 9.2977655987189838 	 0.98814999999999997                             	 0.011849999999999999 
1700 	 7.029589683908851 	 8.2330935147003785 	  3.9990880731281155                             	 4.4709300739798845 	 8.0212793545866745 	 10.00487203506658                             	 8.7283824996848232 	 9.2977655987372057 	 0.98814999999999997                             	 0.011849999999999999 
1750 	 7.5294756499709035 	 8.7919597779485095 	  3.9990874721983976                             	 4.4709301292238885 	 8.0212772072446423 	 10.004872248675497                             	 8.7283824996270525 	 9.2977655987440073 	 0.98814999999999997                             	 0.011849999999999999 
1800 	 8.0293615663396629 	 9.3508260456269223 	  3.999087225800531                             	 4.470930150305068 	 8.02127632987564 	 10.00487232968354                             	 8.7283824996035939 	 9.2977655987465386 	 0.98814999999999997                             	 0.011849999999999999 
1850 	 8.5292474623064756 	 9.9096923150000187 	  3.9990871244653832                             	 4.4709301583949088 	 8.0212759703124679 	 10.004872360591957                             	 8.7283824995941472 	 9.2977655987474996 	 0.98814999999999997                             	 0.011849999999999999 
1900 	 9.0291333498716817 	 10.468558585024862 	  3.999087082661783                             	 4.4709301615155752 	 8.0212758225037284 	 10.004872372452207                             	 8.7283824995902606 	 9.2977655987478585 	 0.98814999999999997                             	 0.011849999999999999 
1950 	 9.5290192339663804 	 11.027424855301646 	  3.9990870653633128                             	 4.470930162725101 	 8.0212757615548966 	 10.004872377027134                             	 8.728382499588605 	 9.297765598747997 	 0.98814999999999997                             	 0.011849999999999999 
