Time [a.u.] 	 S 	 q[0] 	 p[0] 	 Q[0].re 	 Q[0].im 	 P[0].re 	 P[0].im 
0 	 0 	 -5 	 0 	 1.4142135623730951 	 0 	 0 	 0.70710678118654746 
0.25 	 -2.9964584992199361 	 -4.8445608199738093 	 1.2370403058480477 	 1.1989287985324932 	 0.16770501108083016 	 -1.6772597682793378 	 0.59946439926624617 
0.5 	 -5.2592734668637622 	 -4.387907815370129 	 2.3971667993759485 	 0.61861981187133419 	 0.28435078377500805 	 -2.8438633206651689 	 0.30930990593566676 
0.75 	 -6.2344243601481688 	 -3.6584336936257924 	 3.4082478362314488 	 -0.15003331693248578 	 0.31442350560667026 	 -3.1446281345835323 	 -0.07501665846624242 
1 	 -5.6831582828274669 	 -2.7014939984745054 	 4.2074187734910122 	 -0.87300750718924169 	 0.2487672768025046 	 -2.4879837659957986 	 -0.43650375359461979 
1.25 	 -3.7404454979334805 	 -1.576587098535799 	 4.7449906210792783 	 -1.3301870253868058 	 0.10737170301874652 	 -1.0738512615951654 	 -0.66509351269340211 
1.5 	 -0.88193373051187096 	 -0.35365483626258443 	 4.9875394881185358 	 -1.382379620472566 	 -0.066714112667041747 	 0.66722452973663615 	 -0.69118981023628212 
1.75 	 2.1925079344328524 	 0.89126615311501067 	 4.919984735805242 	 -1.0136948063046531 	 -0.22048824082204629 	 2.205158052977088 	 -0.50684740315232613 
2 	 4.7301428108154484 	 2.0807720704824884 	 4.5465266262619757 	 -0.33638185733715525 	 -0.30713282062884822 	 3.0717121703097781 	 -0.16819092866857779 
2.25 	 6.1096643085247182 	 3.1409045860670881 	 3.8903851684173483 	 0.44334545201248088 	 -0.30026816178031362 	 3.0030569999281349 	 0.22167272600623927 
2.5 	 5.9933146966499793 	 4.0057492482921813 	 2.9923563983467876 	 1.0880924111862191 	 -0.20198426892407634 	 2.0200952011409088 	 0.54404620559310768 
2.75 	 4.409580650436518 	 4.6215337590992567 	 1.9082758583141688 	 1.4015602424948586 	 -0.042204521704981957 	 0.42209797929723086 	 0.70078012124742695 
3 	 1.746218662772145 	 4.9499713027152321 	 0.7055469844094987 	 1.2883109585927475 	 0.13042475649020621 	 -1.3044106162290974 	 0.64415547929637174 
3.25 	 -1.3446820433472884 	 4.9706410541523178 	 -0.5410497473857957 	 0.78282428162181017 	 0.26334509164167813 	 -2.6337801389341577 	 0.3914121408109042 
3.5 	 -4.10635500164872 	 4.6822578577246254 	 -1.7540063475462799 	 0.038999994149045716 	 0.31608774023847486 	 -3.1612725614549375 	 0.019499997074523007 
3.75 	 -5.8626408384201678 	 4.1027521324665761 	 -2.8579064243374344 	 -0.71669817822137594 	 0.27259474759879276 	 -2.7262882620206867 	 -0.35834908911068719 
4 	 -6.1835360197960618 	 3.2681550362800063 	 -3.7841142486523545 	 -1.2541914031233707 	 0.14610793079790174 	 -1.461261965724737 	 -0.62709570156168415 
4.25 	 -4.9904735727341674 	 2.2303582044783097 	 -4.4750422265928975 	 -1.4098352281663435 	 -0.024862706854322614 	 0.24865815081207759 	 -0.70491761408317022 
4.5 	 -2.5755591770832789 	 1.0538873524890935 	 -4.8877314468197719 	 -1.1362425471746214 	 -0.18826367877008035 	 1.882872146719148 	 -0.56812127358730913 
4.75 	 0.46994707590537316 	 -0.18810965386447251 	 -4.9965226797338946 	 -0.51671101374584549 	 -0.29434614844241641 	 2.9438294631070616 	 -0.25835550687292208 
5 	 3.4003929559534902 	 -1.4184108160773568 	 -4.7946517573199801 	 0.26013764847845466 	 -0.31081239219130369 	 3.1085124859737898 	 0.13006882423922708 
5.25 	 5.4982972547977784 	 -2.5605213326137042 	 -4.2946701398384892 	 0.95778515790832397 	 -0.23264911995767523 	 2.3267820473326735 	 0.47889257895416099 
5.5 	 6.2500156422686297 	 -3.5434297145976368 	 -3.5276645203492181 	 1.3638267076494408 	 -0.083653814740617505 	 0.83664272774714454 	 0.68191335382471929 
5.75 	 5.4714997383606612 	 -4.3060229728545734 	 -2.5413239886797219 	 1.3546394426093911 	 0.090810616540510841 	 -0.90821969286671833 	 0.6773197213046942 
6 	 3.3533589432307203 	 -4.8008863590817317 	 -1.3969749302177221 	 0.93302050494139999 	 0.23762697166638352 	 -2.3765667875122798 	 0.46651025247069894 
6.25 	 0.41419222753669599 	 -4.9972514096870624 	 -0.16576801668764721 	 0.2273354199686248 	 0.31209574388333383 	 -3.1213476072842559 	 0.11366770998431219 
6.5 	 -2.6263840183211853 	 -4.8829089956897986 	 1.075745634677826 	 -0.54756389615382683 	 0.29154427261621713 	 -2.9158072020624366 	 -0.27378194807691281 
6.75 	 -5.0239246115985869 	 -4.4649684335195268 	 2.2503740782948691 	 -1.1557526570850147 	 0.18222963070895903 	 -1.8225241226049229 	 -0.57787632854250592 
7 	 -6.1914232085043235 	 -3.7694154584896165 	 3.2850840013189755 	 -1.4120625441901382 	 0.017433604581191784 	 -0.174357840541988 	 -0.70603127209506689 
7.25 	 -5.8430331023454656 	 -2.8394965442414408 	 4.1155416189502123 	 -1.2384577996691575 	 -0.15267023296206536 	 1.526893191269566 	 -0.61922889983457685 
7.5 	 -4.064053037594892 	 -1.7330300241836321 	 4.6901126707361387 	 -0.68779388668577279 	 -0.27629230010909583 	 2.7632684096421714 	 -0.3438969433428854 
7.75 	 -1.2900429319510698 	 -0.51881119775787354 	 4.9730728154141994 	 0.072274812683181061 	 -0.31579479131294075 	 3.1583427059676588 	 0.036137406341590642 
8 	 1.7998172522864555 	 0.72766506353504001 	 4.9468288158368541 	 0.81033882139705071 	 -0.25915083210965384 	 2.5918323001340604 	 0.4051694106985248 
8.25 	 4.4490158069693662 	 1.9288982605041167 	 4.6130124103140684 	 1.3016881804471205 	 -0.12360616487440181 	 1.2362161757659915 	 0.65084409022355905 
8.5 	 6.008931239755996 	 3.0102009118865141 	 3.9923788581873425 	 1.3967273357519778 	 0.049571466323626599 	 -0.49577663531568078 	 0.69836366787598747 
8.75 	 6.0976387326094592 	 3.9043422986858194 	 3.123516467632403 	 1.0665207960254512 	 0.20765663665908701 	 -2.0768259698371039 	 0.53326039801272418 
9 	 4.6934194202922717 	 4.5557285793054048 	 2.0604473416666336 	 0.41160279289286722 	 0.30251895130637479 	 -3.0255677090273827 	 0.20580139644643317 
9.25 	 2.1400779694347105 	 4.9238593740093535 	 0.86926851759054335 	 -0.36863123381875779 	 0.30527675964414419 	 -3.0531492400964613 	 -0.18431561690937848 
9.5 	 -0.93723348125866579 	 4.9858459032491877 	 -0.37595766072428854 	 -1.0366322990761432 	 0.21509042311636528 	 -2.1511731278046349 	 -0.51831614953807004 
9.75 	 -3.7850756163312895 	 4.7378341129138306 	 -1.5978084188361015 	 -1.3890217118449755 	 0.05941795043913612 	 -0.5942537861146272 	 -0.69451085592248551 
